00000000000000000
00000000100000000
00000001000000000
00000001100000000
00000010000000000
00000010100000000
00000011000000000
00000011100000000
00000100000000000
00000100100000000
00000101000000000
00000101100000000
00000110000000000
00000110100000000
00000111000000000
00000111100000000
00001000000000000
00001000100000000
00001001000000000
00001001100000000
00001010000000000
00001010100000000
00001011000000000
00001011100000000
00001100000000000
00001100100000000
00001101000000000
00001101100000000
00001110000000000
00001110100000000
00001111000000000
00001111100000000
00010000000000000
00010000100000000
00010001000000000
00010001100000000
00010010000000000
00010010100000000
00010011000000000
00010011100000000
00010100000000000
00010100100000000
00010101000000000
00010101100000000
00010110000000000
00010110100000000
00010111000000000
00010111100000000
00011000000000000
00011000100000000
00011001000000000
00011001100000000
00011010000000000
00011010100000000
00011011000000000
00011011100000000
00011100000000000
00011100100000000
00011101000000000
00011101100000000
00011110000000000
00011110100000000
00011111000000000
00011111100000000
00100000000000000
00100000100000000
00100001000000000
00100001100000000
00100010000000000
00100010100000000
00100011000000000
00100011100000000
00100100000000000
00100100100000000
00100101000000000
00100101100000000
00100110000000000
00100110100000000
00100111000000000
00100111100000000
00101000000000000
00101000100000000
00101001000000000
00101001100000000
00101010000000000
00101010100000000
00101011000000000
00101011100000000
00101100000000000
00101100100000000
00101101000000000
00101101100000000
00101110000000000
00101110100000000
00101111000000000
00101111100000000
00110000000000000
00110000100000000
00110001000000000
00110001100000000
00110010000000000
00110010100000000
00110011000000000
00110011100000000
00110100000000000
00110100100000000
00110101000000000
00110101100000000
00110110000000000
00110110100000000
00110111000000000
00110111100000000
00111000000000000
00111000100000000
00111001000000000
00111001100000000
00111010000000000
00111010100000000
00111011000000000
00111011100000000
00111100000000000
00111100100000000
00111101000000000
00111101100000000
00111110000000000
00111110100000000
00111111000000000
00111111100000000
01000000000000000
01000000100000000
01000001000000000
01000001100000000
01000010000000000
01000010100000000
01000011000000000
01000011100000000
01000100000000000
01000100100000000
01000101000000000
01000101100000000
01000110000000000
01000110100000000
01000111000000000
01000111100000000
01001000000000000
01001000100000000
01001001000000000
01001001100000000
01001010000000000
01001010100000000
01001011000000000
01001011100000000
01001100000000000
01001100100000000
01001101000000000
01001101100000000
01001110000000000
01001110100000000
01001111000000000
01001111100000000
01010000000000000
01010000100000000
01010001000000000
01010001100000000
01010010000000000
01010010100000000
01010011000000000
01010011100000000
01010100000000000
01010100100000000
01010101000000000
01010101100000000
01010110000000000
01010110100000000
01010111000000000
01010111100000000
01011000000000000
01011000100000000
01011001000000000
01011001100000000
01011010000000000
01011010100000000
01011011000000000
01011011100000000
01011100000000000
01011100100000000
01011101000000000
01011101100000000
01011110000000000
01011110100000000
01011111000000000
01011111100000000
01100000000000000
01100000100000000
01100001000000000
01100001100000000
01100010000000000
01100010100000000
01100011000000000
01100011100000000
00000000000000000
00000000100000000
00000001000000000
00000001100000000
00000010000000000
00000010100000000
00000011000000000
00000011100000000
00000100000000000
00000100100000000
00000101000000000
00000101100000000
00000110000000000
00000110100000000
00000111000000000
00000111100000000
00001000000000000
00001000100000000
00001001000000000
00001001100000000
00001010000000000
00001010100000000
00001011000000000
00001011100000000
00001100000000000
00001100100000000
00001101000000000
00001101100000000
00001110000000000
00001110100000000
00001111000000000
00001111100000000
00010000000000000
00010000100000000
00010001000000000
00010001100000000
00010010000000000
00010010100000000
00010011000000000
00010011100000000
00010100000000000
00010100100000000
00010101000000000
00010101100000000
00010110000000000
00010110100000000
00010111000000000
00010111100000000
00011000000000000
00011000100000000
00011001000000000
00011001100000000
00011010000000000
00011010100000000
00011011000000000
00011011100000000
00011100000000000
00011100100000000
00011101000000000
00011101100000000
00011110000000000
00011110100000000
00011111000000000
00011111100000000
00100000000000000
00100000100000000
00100001000000000
00100001100000000
00100010000000000
00100010100000000
00100011000000000
00100011100000000
00100100000000000
00100100100000000
00100101000000000
00100101100000000
00100110000000000
00100110100000000
00100111000000000
00100111100000000
00101000000000000
00101000100000000
00101001000000000
00101001100000000
00101010000000000
00101010100000000
00101011000000000
00101011100000000
00101100000000000
00101100100000000
00101101000000000
00101101100000000
00101110000000000
00101110100000000
00101111000000000
00101111100000000
00110000000000000
00110000100000000
00110001000000000
00110001100000000
00110010000000000
00110010100000000
00110011000000000
00110011100000000
00110100000000000
00110100100000000
00110101000000000
00110101100000000
00110110000000000
00110110100000000
00110111000000000
00110111100000000
00111000000000000
00111000100000000
00111001000000000
00111001100000000
00111010000000000
00111010100000000
00111011000000000
00111011100000000
00111100000000000
00111100100000000
00111101000000000
00111101100000000
00111110000000000
00111110100000000
00111111000000000
00111111100000000
01000000000000000
01000000100000000
01000001000000000
01000001100000000
01000010000000000
01000010100000000
01000011000000000
01000011100000000
01000100000000000
01000100100000000
01000101000000000
01000101100000000
01000110000000000
01000110100000000
01000111000000000
01000111100000000
01001000000000000
01001000100000000
01001001000000000
01001001100000000
01001010000000000
01001010100000000
01001011000000000
01001011100000000
01001100000000000
01001100100000000
01001101000000000
01001101100000000
01001110000000000
01001110100000000
01001111000000000
01001111100000000
01010000000000000
01010000100000000
01010001000000000
01010001100000000
01010010000000000
01010010100000000
01010011000000000
01010011100000000
01010100000000000
01010100100000000
01010101000000000
01010101100000000
01010110000000000
01010110100000000
01010111000000000
01010111100000000
01011000000000000
01011000100000000
01011001000000000
01011001100000000
01011010000000000
01011010100000000
01011011000000000
01011011100000000
01011100000000000
01011100100000000
01011101000000000
01011101100000000
01011110000000000
01011110100000000
01011111000000000
01011111100000000
01100000000000000
01100000100000000
01100001000000000
01100001100000000
01100010000000000
01100010100000000
01100011000000000
01100011100000000
00000000000000000
00000000100000000
00000001000000000
00000001100000000
00000010000000000
00000010100000000
00000011000000000
00000011100000000
00000100000000000
00000100100000000
00000101000000000
00000101100000000
00000110000000000
00000110100000000
00000111000000000
00000111100000000
00001000000000000
00001000100000000
00001001000000000
00001001100000000
00001010000000000
00001010100000000
00001011000000000
00001011100000000
00001100000000000
00001100100000000
00001101000000000
00001101100000000
00001110000000000
00001110100000000
00001111000000000
00001111100000000
00010000000000000
00010000100000000
00010001000000000
00010001100000000
00010010000000000
00010010100000000
00010011000000000
00010011100000000
00010100000000000
00010100100000000
00010101000000000
00010101100000000
00010110000000000
00010110100000000
00010111000000000
00010111100000000
00011000000000000
00011000100000000
00011001000000000
00011001100000000
00011010000000000
00011010100000000
00011011000000000
00011011100000000
00011100000000000
00011100100000000
00011101000000000
00011101100000000
00011110000000000
00011110100000000
00011111000000000
00011111100000000
00100000000000000
00100000100000000
00100001000000000
00100001100000000
00100010000000000
00100010100000000
00100011000000000
00100011100000000
00100100000000000
00100100100000000
00100101000000000
00100101100000000
00100110000000000
00100110100000000
00100111000000000
00100111100000000
00101000000000000
00101000100000000
00101001000000000
00101001100000000
00101010000000000
00101010100000000
00101011000000000
00101011100000000
00101100000000000
00101100100000000
00101101000000000
00101101100000000
00101110000000000
00101110100000000
00101111000000000
00101111100000000
00110000000000000
00110000100000000
00110001000000000
00110001100000000
00110010000000000
00110010100000000
00110011000000000
00110011100000000
00110100000000000
00110100100000000
00110101000000000
00110101100000000
00110110000000000
00110110100000000
00110111000000000
00110111100000000
00111000000000000
00111000100000000
00111001000000000
00111001100000000
00111010000000000
00111010100000000
00111011000000000
00111011100000000
00111100000000000
00111100100000000
00111101000000000
00111101100000000
00111110000000000
00111110100000000
00111111000000000
00111111100000000
01000000000000000
01000000100000000
01000001000000000
01000001100000000
01000010000000000
01000010100000000
01000011000000000
01000011100000000
01000100000000000
01000100100000000
01000101000000000
01000101100000000
01000110000000000
01000110100000000
01000111000000000
01000111100000000
01001000000000000
01001000100000000
01001001000000000
01001001100000000
01001010000000000
01001010100000000
01001011000000000
01001011100000000
01001100000000000
01001100100000000
01001101000000000
01001101100000000
01001110000000000
01001110100000000
01001111000000000
01001111100000000
01010000000000000
01010000100000000
01010001000000000
01010001100000000
01010010000000000
01010010100000000
01010011000000000
01010011100000000
01010100000000000
01010100100000000
01010101000000000
01010101100000000
01010110000000000
01010110100000000
01010111000000000
01010111100000000
01011000000000000
01011000100000000
01011001000000000
01011001100000000
01011010000000000
01011010100000000
01011011000000000
01011011100000000
01011100000000000
01011100100000000
01011101000000000
01011101100000000
01011110000000000
01011110100000000
01011111000000000
01011111100000000
01100000000000000
01100000100000000
01100001000000000
01100001100000000
01100010000000000
01100010100000000
01100011000000000
01100011100000000
00000000000000000
00000000100000000
00000001000000000
00000001100000000
00000010000000000
00000010100000000
00000011000000000
00000011100000000
00000100000000000
00000100100000000
00000101000000000
00000101100000000
00000110000000000
00000110100000000
00000111000000000
00000111100000000
00001000000000000
00001000100000000
00001001000000000
00001001100000000
00001010000000000
00001010100000000
00001011000000000
00001011100000000
00001100000000000
00001100100000000
00001101000000000
00001101100000000
00001110000000000
00001110100000000
00001111000000000
00001111100000000
00010000000000000
00010000100000000
00010001000000000
00010001100000000
00010010000000000
00010010100000000
00010011000000000
00010011100000000
00010100000000000
00010100100000000
00010101000000000
00010101100000000
00010110000000000
00010110100000000
00010111000000000
00010111100000000
00011000000000000
00011000100000000
00011001000000000
00011001100000000
00011010000000000
00011010100000000
00011011000000000
00011011100000000
00011100000000000
00011100100000000
00011101000000000
00011101100000000
00011110000000000
00011110100000000
00011111000000000
00011111100000000
00100000000000000
00100000100000000
00100001000000000
00100001100000000
00100010000000000
00100010100000000
00100011000000000
00100011100000000
00100100000000000
00100100100000000
00100101000000000
00100101100000000
00100110000000000
00100110100000000
00100111000000000
00100111100000000
00101000000000000
00101000100000000
00101001000000000
00101001100000000
00101010000000000
00101010100000000
00101011000000000
00101011100000000
00101100000000000
00101100100000000
00101101000000000
00101101100000000
00101110000000000
00101110100000000
00101111000000000
00101111100000000
00110000000000000
00110000100000000
00110001000000000
00110001100000000
00110010000000000
00110010100000000
00110011000000000
00110011100000000
00110100000000000
00110100100000000
00110101000000000
00110101100000000
00110110000000000
00110110100000000
00110111000000000
00110111100000000
00111000000000000
00111000100000000
00111001000000000
00111001100000000
00111010000000000
00111010100000000
00111011000000000
00111011100000000
00111100000000000
00111100100000000
00111101000000000
00111101100000000
00111110000000000
00111110100000000
00111111000000000
00111111100000000
01000000000000000
01000000100000000
01000001000000000
01000001100000000
01000010000000000
01000010100000000
01000011000000000
01000011100000000
01000100000000000
01000100100000000
01000101000000000
01000101100000000
01000110000000000
01000110100000000
01000111000000000
01000111100000000
01001000000000000
01001000100000000
01001001000000000
01001001100000000
01001010000000000
01001010100000000
01001011000000000
01001011100000000
01001100000000000
01001100100000000
01001101000000000
01001101100000000
01001110000000000
01001110100000000
01001111000000000
01001111100000000
01010000000000000
01010000100000000
01010001000000000
01010001100000000
01010010000000000
01010010100000000
01010011000000000
01010011100000000
01010100000000000
01010100100000000
01010101000000000
01010101100000000
01010110000000000
01010110100000000
01010111000000000
01010111100000000
01011000000000000
01011000100000000
01011001000000000
01011001100000000
01011010000000000
01011010100000000
01011011000000000
01011011100000000
01011100000000000
01011100100000000
01011101000000000
01011101100000000
01011110000000000
01011110100000000
01011111000000000
01011111100000000
01100000000000000
01100000100000000
01100001000000000
01100001100000000
01100010000000000
01100010100000000
01100011000000000
01100011100000000
00000000000000000
00000000100000000
00000001000000000
00000001100000000
00000010000000000
00000010100000000
00000011000000000
00000011100000000
00000100000000000
00000100100000000
00000101000000000
00000101100000000
00000110000000000
00000110100000000
00000111000000000
00000111100000000
00001000000000000
00001000100000000
00001001000000000
00001001100000000
00001010000000000
00001010100000000
00001011000000000
00001011100000000
00001100000000000
00001100100000000
00001101000000000
00001101100000000
00001110000000000
00001110100000000
00001111000000000
00001111100000000
00010000000000000
00010000100000000
00010001000000000
00010001100000000
00010010000000000
00010010100000000
00010011000000000
00010011100000000
00010100000000000
00010100100000000
00010101000000000
00010101100000000
00010110000000000
00010110100000000
00010111000000000
00010111100000000
00011000000000000
00011000100000000
00011001000000000
00011001100000000
00011010000000000
00011010100000000
00011011000000000
00011011100000000
00011100000000000
00011100100000000
00011101000000000
00011101100000000
00011110000000000
00011110100000000
00011111000000000
00011111100000000
00100000000000000
00100000100000000
00100001000000000
00100001100000000
00100010000000000
00100010100000000
00100011000000000
00100011100000000
00100100000000000
00100100100000000
00100101000000000
00100101100000000
00100110000000000
00100110100000000
00100111000000000
00100111100000000
00101000000000000
00101000100000000
00101001000000000
00101001100000000
00101010000000000
00101010100000000
00101011000000000
00101011100000000
00101100000000000
00101100100000000
00101101000000000
00101101100000000
00101110000000000
00101110100000000
00101111000000000
00101111100000000
00110000000000000
00110000100000000
00110001000000000
00110001100000000
00110010000000000
00110010100000000
00110011000000000
00110011100000000
00110100000000000
00110100100000000
00110101000000000
00110101100000000
00110110000000000
00110110100000000
00110111000000000
00110111100000000
00111000000000000
00111000100000000
00111001000000000
00111001100000000
00111010000000000
00111010100000000
00111011000000000
00111011100000000
00111100000000000
00111100100000000
00111101000000000
00111101100000000
00111110000000000
00111110100000000
00111111000000000
00111111100000000
01000000000000000
01000000100000000
01000001000000000
01000001100000000
01000010000000000
01000010100000000
01000011000000000
01000011100000000
01000100000000000
01000100100000000
01000101000000000
01000101100000000
01000110000000000
01000110100000000
01000111000000000
01000111100000000
01001000000000000
01001000100000000
01001001000000000
01001001100000000
01001010000000000
01001010100000000
01001011000000000
01001011100000000
01001100000000000
01001100100000000
01001101000000000
01001101100000000
01001110000000000
01001110100000000
01001111000000000
01001111100000000
01010000000000000
01010000100000000
01010001000000000
01010001100000000
01010010000000000
01010010100000000
01010011000000000
01010011100000000
01010100000000000
01010100100000000
01010101000000000
01010101100000000
01010110000000000
01010110100000000
01010111000000000
01010111100000000
01011000000000000
01011000100000000
01011001000000000
01011001100000000
01011010000000000
01011010100000000
01011011000000000
01011011100000000
01011100000000000
01011100100000000
01011101000000000
01011101100000000
01011110000000000
01011110100000000
01011111000000000
01011111100000000
01100000000000000
01100000100000000
01100001000000000
01100001100000000
01100010000000000
01100010100000000
01100011000000000
01100011100000000
00000000000000000
00000000100000000
00000001000000000
00000001100000000
00000010000000000
00000010100000000
00000011000000000
00000011100000000
00000100000000000
00000100100000000
00000101000000000
00000101100000000
00000110000000000
00000110100000000
00000111000000000
00000111100000000
00001000000000000
00001000100000000
00001001000000000
00001001100000000
00001010000000000
00001010100000000
00001011000000000
00001011100000000
00001100000000000
00001100100000000
00001101000000000
00001101100000000
00001110000000000
00001110100000000
00001111000000000
00001111100000000
00010000000000000
00010000100000000
00010001000000000
00010001100000000
00010010000000000
00010010100000000
00010011000000000
00010011100000000
00010100000000000
00010100100000000
00010101000000000
00010101100000000
00010110000000000
00010110100000000
00010111000000000
00010111100000000
00011000000000000
00011000100000000
00011001000000000
00011001100000000
00011010000000000
00011010100000000
00011011000000000
00011011100000000
00011100000000000
00011100100000000
00011101000000000
00011101100000000
00011110000000000
00011110100000000
00011111000000000
00011111100000000
00100000000000000
00100000100000000
00100001000000000
00100001100000000
00100010000000000
00100010100000000
00100011000000000
00100011100000000
00100100000000000
00100100100000000
00100101000000000
00100101100000000
00100110000000000
00100110100000000
00100111000000000
00100111100000000
00101000000000000
00101000100000000
00101001000000000
00101001100000000
00101010000000000
00101010100000000
00101011000000000
00101011100000000
00101100000000000
00101100100000000
00101101000000000
00101101100000000
00101110000000000
00101110100000000
00101111000000000
00101111100000000
00110000000000000
00110000100000000
00110001000000000
00110001100000000
00110010000000000
00110010100000000
00110011000000000
00110011100000000
00110100000000000
00110100100000000
00110101000000000
00110101100000000
00110110000000000
00110110100000000
00110111000000000
00110111100000000
00111000000000000
00111000100000000
00111001000000000
00111001100000000
00111010000000000
00111010100000000
00111011000000000
00111011100000000
00111100000000000
00111100100000000
00111101000000000
00111101100000000
00111110000000000
00111110100000000
00111111000000000
00111111100000000
01000000000000000
01000000100000000
01000001000000000
01000001100000000
01000010000000000
01000010100000000
01000011000000000
01000011100000000
01000100000000000
01000100100000000
01000101000000000
01000101100000000
01000110000000000
01000110100000000
01000111000000000
01000111100000000
01001000000000000
01001000100000000
01001001000000000
01001001100000000
01001010000000000
01001010100000000
01001011000000000
01001011100000000
01001100000000000
01001100100000000
01001101000000000
01001101100000000
01001110000000000
01001110100000000
01001111000000000
01001111100000000
01010000000000000
01010000100000000
01010001000000000
01010001100000000
01010010000000000
01010010100000000
01010011000000000
01010011100000000
01010100000000000
01010100100000000
01010101000000000
01010101100000000
01010110000000000
01010110100000000
01010111000000000
01010111100000000
01011000000000000
01011000100000000
01011001000000000
01011001100000000
01011010000000000
01011010100000000
01011011000000000
01011011100000000
01011100000000000
01011100100000000
01011101000000000
01011101100000000
01011110000000000
01011110100000000
01011111000000000
01011111100000000
01100000000000000
01100000100000000
01100001000000000
01100001100000000
01100010000000000
01100010100000000
01100011000000000
01100011100000000
